0.5654
0.9113
0.5569
0.4211
0.3717
0.5499
0.4468
0.3984
0.3054
0.7317
0.2118
0.3928
0.7914
0.8530
0.1516
0.5396
0.8225
0.2380
0.8838
0.7141
0.0857
0.3868
0.7254
0.0151
0.6366
0.5769
0.0120
0.4305
0.0283
0.0999
0.5138
0.2143
0.3032
0.9139
0.6031
0.0099
0.7505
0.9933
0.3302
0.2473
0.8389
0.1567
0.0636
0.8469
0.2290
0.6555
0.8507
0.7623
0.2719
0.3023
0.1562
0.3911
0.9001
0.4227
0.1329
0.3866
0.3182
0.4098
0.0824
0.9013
0.3974
0.1640
0.2613
0.7929
0.1822
0.1982
0.6894
0.8245
0.4148
0.6912
0.1162
0.3908
0.4825
0.2688
0.8018
0.7999
0.6957
0.7947
0.2685
0.6436
0.3025
0.9531
0.6791
0.2871
0.1453
0.9029
0.9992
0.0088
0.3665
0.7854
0.5976
0.8212
0.0695
0.3676
0.4439
0.5056
0.3403
0.6003
0.5571
0.8905
